ISBN            WWU Price       Amazon Price    Difference     
9780030747090   236.75          3.47            233.28         
9780078034664   223.75          32.99           190.76         
9780078025396   165.75          2.00            163.75         
9780470563588   167.25          7.79            159.46         
9781111577438   222.00          76.28           145.72         
9780073525259   163.75          18.23           145.52         
9780470053041   168.25          25.42           142.83         
9780495602200   135.50          0.94            134.56         
9781133317517   153.50          20.00           133.50         
9780470087640   144.50          11.79           132.71         
9780495913795   149.00          30.99           118.01         
9780840061553   159.75          43.62           116.13         
9780470904145   120.00          4.50            115.50         
9780132671842   145.50          30.08           115.42         
9780534507787   129.75          15.64           114.11         
9780618063123   115.75          3.62            112.13         
9781133189701   181.00          69.99           111.01         
9780073402932   185.50          74.97           110.53         
9780073523231   123.50          15.07           108.43         
9780073526188   118.25          9.98            108.27         
9780132970754   108.75          2.00            106.75         
9780073534275   108.50          2.65            105.85         
9780321584755   126.00          23.00           103.00         
9780547165097   138.00          35.00           103.00         
9780321756664   130.25          31.17           99.08          
9780534642488   117.50          19.00           98.50          
9781111571375   104.75          6.49            98.26          
9780078022531   136.25          39.49           96.76          
9780321331793   97.25           1.96            95.29          
9781133628460   203.50          109.95          93.55          
9780815341291   102.00          9.25            92.75          
9780073523200   173.00          81.00           92.00          
9781118061602   170.00          78.41           91.59          
9780072862959   96.25           4.84            91.41          
9780470437742   159.00          67.92           91.08          
9780138009007   175.75          85.00           90.75          
9781429278508   152.75          62.99           89.76          
9780470089156   93.75           5.00            88.75          
9780136121008   139.50          52.00           87.50          
9780536665973   128.00          41.18           86.82          
9780495012658   97.50           13.99           83.51          
9781429232814   152.75          70.45           82.30          
9780137061334   115.75          35.00           80.75          
9780133546439   155.50          74.87           80.63          
9780395746042   84.00           4.15            79.85          
9780495569398   116.75          38.23           78.52          
9781285129198   116.00          38.00           78.00          
9780077402280   159.50          82.00           77.50          
9780131367739   175.75          99.00           76.75          
9780393934830   78.25           2.84            75.41          
9780130618856   124.75          49.67           75.08          
9781119941880   118.25          43.48           74.77          
9780078029172   179.00          104.43          74.57          
9780321652799   79.50           4.99            74.51          
9780131392571   117.75          43.50           74.25          
9780495389606   75.00           0.77            74.23          
9780781760034   84.25           11.98           72.27          
9780205615964   117.25          45.00           72.25          
9780137070480   76.25           6.00            70.25          
9780205258154   149.25          79.95           69.30          
9781133958499   168.00          98.98           69.02          
9780314279828   148.50          80.00           68.50          
9780321287137   75.00           7.54            67.46          
9781429229432   152.00          85.00           67.00          
9780201709704   75.00           8.30            66.70          
9781429241038   95.50           28.98           66.52          
9780321010063   90.75           24.44           66.31          
9780736083232   71.50           5.42            66.08          
9780131928787   107.50          42.00           65.50          
9780205747801   93.75           30.00           63.75          
9780137048328   69.50           5.90            63.60          
9781429240024   167.25          104.17          63.08          
9780078034886   122.75          59.84           62.91          
9780890425558   100.50          38.00           62.50          
9780132272711   157.25          95.00           62.25          
9780471699675   84.50           22.77           61.73          
9780205032464   76.00           14.40           61.60          
9780205638000   104.00          42.92           61.08          
9780123972194   81.00           20.64           60.36          
9780073375779   175.25          114.98          60.27          
9781111526436   120.25          60.00           60.25          
9781429234139   145.00          85.00           60.00          
9780321643186   144.75          84.99           59.76          
9781133310242   67.25           7.98            59.27          
9780078034985   131.75          73.05           58.70          
9780072496437   90.75           32.31           58.44          
9780073532493   122.25          64.84           57.41          
9780205770632   93.25           36.98           56.27          
9780205633944   69.25           13.00           56.25          
9780750678100   61.25           5.00            56.25          
9780716773894   59.00           2.79            56.21          
9780736090391   66.25           10.29           55.96          
9780078022678   167.00          111.06          55.94          
9780691043173   91.25           35.62           55.63          
9781442212725   63.50           8.78            54.72          
9781118363294   154.50          99.90           54.60          
9781412960786   54.00           0.01            53.99          
9780470646328   118.25          64.46           53.79          
9780078026676   148.25          95.00           53.25          
9780840058010   101.75          48.97           52.78          
9780471393535   121.00          68.97           52.03          
9781285433356   190.00          138.00          52.00          
9780470131589   75.00           23.50           51.50          
9781133587521   131.25          80.50           50.75          
9780321291387   110.50          60.00           50.50          
9781133309819   135.75          85.51           50.24          
9780078035296   150.00          99.95           50.05          
9780073385372   98.50           49.00           49.50          
9780073523323   140.75          91.69           49.06          
9780078022647   159.00          110.35          48.65          
9780495094869   87.75           40.00           47.75          
9780132698566   108.50          60.94           47.56          
9780547167053   112.50          65.12           47.38          
9780393936728   113.75          66.70           47.05          
9780324782912   197.00          150.00          47.00          
9780393935530   49.25           2.78            46.47          
9780137083695   56.25           9.96            46.29          
9781464137198   143.25          97.93           45.32          
9780078036804   118.25          73.00           45.25          
9780132992916   196.75          151.56          45.19          
9780840028570   143.25          99.00           44.25          
9780393123968   109.25          65.92           43.33          
9781449604455   130.50          87.76           42.74          
9780131145580   137.25          95.21           42.04          
9780321592576   129.75          87.99           41.76          
9780321773364   140.00          98.60           41.40          
9780133058352   179.00          138.12          40.88          
9780078022524   133.75          93.00           40.75          
9780133545005   175.00          135.00          40.00          
9780073512334   91.00           51.00           40.00          
9781133310686   129.50          89.99           39.51          
9781412987448   56.75           17.30           39.45          
9780195441550   64.25           25.00           39.25          
9780534509033   50.50           11.30           39.20          
9780205750351   44.00           5.50            38.50          
9780393913026   68.25           30.00           38.25          
9780195314403   64.00           26.50           37.50          
9780078026546   136.25          98.99           37.26          
9781412981491   64.75           27.94           36.81          
9781936221363   91.75           54.98           36.77          
9780133074673   171.50          134.94          36.56          
9781111830946   101.00          64.48           36.52          
9781285055350   160.00          123.98          36.02          
9780205032280   86.00           50.00           36.00          
9780199827381   103.25          67.50           35.75          
9780078023026   164.75          129.14          35.61          
9780072508642   93.50           58.02           35.48          
9780205064472   81.75           47.00           34.75          
9780133460629   161.25          126.60          34.65          
9781464141249   63.50           28.90           34.60          
9780763781545   72.25           37.90           34.35          
9780871702807   68.25           34.00           34.25          
9781568029252   33.75           0.01            33.74          
9780805385663   132.50          99.03           33.47          
9780132666794   143.00          109.99          33.01          
9780132991308   166.50          133.90          32.60          
9780415918299   40.50           7.99            32.51          
9780495007258   69.00           36.50           32.50          
9780132626163   127.25          94.97           32.28          
9780471214915   87.00           54.96           32.04          
9781285061412   141.00          108.97          32.03          
9780130387752   128.75          96.79           31.96          
9780631198246   31.75           0.01            31.74          
9780132612265   139.00          107.39          31.61          
9780321811127   87.50           55.94           31.56          
9780133091076   139.00          107.48          31.52          
9780078035050   81.75           50.49           31.26          
9781285763880   153.00          122.38          30.62          
9780393911909   38.25           8.00            30.25          
9780130601414   60.75           30.78           29.97          
9781403960924   33.75           3.95            29.80          
9780195137699   35.75           6.10            29.65          
9780736062107   35.00           5.44            29.56          
9781118027059   41.75           12.41           29.34          
9780137444267   73.75           45.07           28.68          
9780130492920   68.00           39.96           28.04          
9780073535104   100.00          72.00           28.00          
9780470126417   65.00           37.51           27.49          
9780521145213   74.25           46.83           27.42          
9780135123621   95.00           67.83           27.17          
9780205259472   107.00          79.89           27.11          
9780198207634   60.50           33.75           26.75          
9780735618794   27.00           0.38            26.62          
9780470646342   56.50           29.89           26.61          
9780470571439   67.50           41.00           26.50          
9780878939336   91.00           64.50           26.50          
9780132693264   64.50           38.00           26.50          
9780205454464   76.25           50.00           26.25          
9780230110632   74.25           48.00           26.25          
9781429242288   143.25          117.09          26.16          
9781285052342   116.00          89.89           26.11          
9780878939084   98.00           71.99           26.01          
9781452259116   66.25           40.84           25.41          
9780325003085   41.75           16.63           25.12          
9780325006536   25.25           0.24            25.01          
9780674748880   25.00           0.01            24.99          
9780262220750   64.25           39.96           24.29          
9780078050473   40.00           15.99           24.01          
9780136108047   107.00          83.05           23.95          
9780078035487   150.00          126.23          23.77          
9781133626176   51.25           27.74           23.51          
9780073251844   29.25           5.88            23.37          
9780073534312   73.25           49.94           23.31          
9781551117652   47.25           24.00           23.25          
9780415872515   35.75           12.77           22.98          
9780520204195   27.00           4.46            22.54          
9780521776721   40.50           17.99           22.51          
9780393932928   66.50           44.00           22.50          
9780195565492   46.50           24.45           22.05          
9781111344382   98.75           76.80           21.95          
9780137075461   124.75          102.99          21.76          
9781551119656   38.50           17.00           21.50          
9780520082816   21.50           0.01            21.49          
9780750685931   40.50           19.06           21.44          
9780325018263   39.75           18.41           21.34          
9780205851737   78.00           56.92           21.08          
9780078093203   121.00          99.94           21.06          
9780321880949   68.50           47.69           20.81          
9782707306951   27.00           6.40            20.60          
9781412981781   75.00           54.45           20.55          
9780199927463   50.50           30.00           20.50          
9780205848058   91.25           70.93           20.32          
9781598638677   27.25           6.98            20.27          
9780470627617   105.25          85.00           20.25          
9781285068909   116.00          95.92           20.08          
9780801484032   23.00           2.97            20.03          
9780132655972   110.00          89.97           20.03          
9780802083364   30.00           9.97            20.03          
9780132431781   30.00           9.99            20.01          
9781118156322   164.75          144.80          19.95          
9781457609114   66.75           46.88           19.87          
9780078117022   54.50           34.64           19.86          
9781285053837   146.75          127.05          19.70          
9780815344544   104.75          85.12           19.63          
9780205247288   69.50           50.00           19.50          
9780205236398   39.50           20.00           19.50          
9781429242172   69.50           50.00           19.50          
9780500289761   68.25           49.00           19.25          
9780801497506   19.25           0.01            19.24          
9780691018966   19.50           0.31            19.19          
9780325005119   24.50           5.35            19.15          
9781133936732   77.00           58.00           19.00          
9781847870438   42.50           23.65           18.85          
9780205917655   73.50           54.70           18.80          
9780393935684   19.25           0.46            18.79          
9780674645110   21.00           2.33            18.67          
9780325001876   28.75           10.18           18.57          
9780807843499   18.75           0.40            18.35          
9781433805615   27.25           9.00            18.25          
9780521549400   23.50           5.39            18.11          
9780415238328   31.00           12.95           18.05          
9780521600491   30.25           12.38           17.87          
9780393061819   27.00           9.13            17.87          
9780133577396   104.25          86.46           17.79          
9781118270042   57.50           39.73           17.77          
9780071760478   33.75           15.98           17.77          
9780691001487   38.75           21.00           17.75          
9780395051795   17.75           0.01            17.74          
9780435086077   27.00           9.37            17.63          
9780521544962   25.50           7.99            17.51          
9781572307537   17.50           0.01            17.49          
9783527406012   74.25           56.82           17.43          
9780415659086   28.25           11.00           17.25          
9780300115291   20.25           3.04            17.21          
9780139380938   140.75          123.61          17.14          
9780205176052   49.75           32.73           17.02          
9780393912784   54.50           37.50           17.00          
9780674014718   17.25           0.28            16.97          
9780295974774   30.50           13.63           16.87          
9781556220784   33.75           16.90           16.85          
9780813512310   17.50           0.66            16.84          
9780873552172   18.75           1.99            16.76          
9780130096616   56.75           40.00           16.75          
9780132907118   113.75          97.00           16.75          
9780202304328   17.50           0.97            16.53          
9780195045536   16.75           0.31            16.44          
9780470974094   77.75           61.38           16.37          
9780295960845   20.25           4.00            16.25          
9781119966197   63.50           47.27           16.23          
9780761931386   21.50           5.33            16.17          
9780558619787   66.00           49.86           16.14          
9781133606499   91.25           75.19           16.06          
9780205962556   94.25           78.26           15.99          
9781452205403   53.25           37.42           15.83          
9781605351155   87.75           71.92           15.83          
9781412914246   21.00           5.20            15.80          
9781604267273   31.75           16.00           15.75          
9780226729572   20.25           4.55            15.70          
9781416596134   17.50           1.84            15.66          
9780787965785   25.75           10.14           15.61          
9780136066545   34.50           18.91           15.59          
9780898622171   19.00           3.69            15.31          
9781111301583   52.25           36.95           15.30          
9780231110938   18.75           3.47            15.28          
9780415561815   38.50           23.33           15.17          
9780226720630   18.50           3.39            15.11          
9781452225463   85.00           70.00           15.00          
9780072483116   63.00           48.00           15.00          
9780205380992   69.25           54.26           14.99          
9780807847169   22.00           7.08            14.92          
9781568988528   23.75           8.97            14.78          
9780520210707   23.00           8.30            14.70          
9780521516648   67.50           52.99           14.51          
9780132685146   67.00           52.50           14.50          
9781284036695   78.25           63.83           14.42          
9780262033848   62.00           47.60           14.40          
9784004300021   18.75           4.37            14.38          
9780195173987   20.25           5.99            14.26          
9781588261137   15.25           1.17            14.08          
9780977312795   27.00           12.97           14.03          
9780736072472   31.00           16.99           14.01          
9781591470939   33.75           19.85           13.90          
9780312157067   14.75           0.95            13.80          
9780073191591   47.25           33.60           13.65          
9781416610748   19.50           5.94            13.56          
9780252060120   13.50           0.01            13.49          
9780486217932   13.50           0.01            13.49          
9781567513905   16.75           3.37            13.38          
9781554981458   16.75           3.37            13.38          
9780393333756   17.50           4.21            13.29          
9781586483944   13.25           0.01            13.24          
9780674002715   13.25           0.01            13.24          
9781570397752   30.00           16.80           13.20          
9781608199143   19.00           5.87            13.13          
9780823088393   23.75           10.70           13.05          
9780199276226   25.00           11.99           13.01          
9780226028569   17.00           4.05            12.95          
9780312108021   14.75           1.95            12.80          
9780312206628   12.75           0.03            12.72          
9780393314823   14.75           2.08            12.67          
9782070360789   12.75           0.09            12.66          
9780803267114   14.75           2.24            12.51          
9780822332176   15.50           3.00            12.50          
9780393317558   12.75           0.30            12.45          
9780393979534   12.75           0.35            12.40          
9780801475450   20.25           7.92            12.33          
9780140274981   13.50           1.18            12.32          
9780674766914   16.50           4.20            12.30          
9780374523503   12.25           0.01            12.24          
9780325003627   17.75           5.65            12.10          
9781429238601   100.50          88.43           12.07          
9781928896876   32.00           19.99           12.01          
9780736052160   15.00           2.99            12.01          
9780891083511   67.00           55.00           12.00          
9780714833569   30.50           18.50           12.00          
9780295973395   12.00           0.01            11.99          
9780930289232   13.50           1.53            11.97          
9780199227020   46.50           34.61           11.89          
9780807032695   12.25           0.41            11.84          
9780452006478   13.50           1.68            11.82          
9780393924282   17.00           5.26            11.74          
9780439353793   14.75           3.09            11.66          
9780878934072   77.00           65.43           11.57          
9780312610418   19.25           7.73            11.52          
9780072945485   92.00           80.50           11.50          
9780807031131   11.50           0.01            11.49          
9780452284234   11.50           0.01            11.49          
9780312427900   11.50           0.01            11.49          
9780743266420   11.50           0.01            11.49          
9780679735663   11.50           0.01            11.49          
9780295955254   11.50           0.01            11.49          
9780393314090   11.50           0.01            11.49          
9780465041664   11.50           0.01            11.49          
9780679733768   11.50           0.01            11.49          
9780385014854   11.50           0.01            11.49          
9780312157111   14.75           3.29            11.46          
9784004300038   18.75           7.38            11.37          
9780385023511   11.50           0.18            11.32          
9780321820464   28.25           16.95           11.30          
9780262072670   39.75           28.47           11.28          
9780736079662   66.25           55.00           11.25          
9780914610007   12.25           1.00            11.25          
9781580050548   11.25           0.01            11.24          
9780140280630   11.50           0.27            11.23          
9781400078752   11.50           0.28            11.22          
9780140178241   12.75           1.56            11.19          
9780192811677   11.50           0.33            11.17          
9781554200368   12.75           1.60            11.15          
9780142001615   11.50           0.38            11.12          
9780521893077   70.75           59.68           11.07          
9780822952732   13.50           2.49            11.01          
9780470381762   40.50           29.53           10.97          
9780435913564   12.50           1.59            10.91          
9780809016358   11.50           0.59            10.91          
9781422157992   16.75           5.85            10.90          
9780262530309   17.00           6.11            10.89          
9781603290241   14.75           3.93            10.82          
9780807749586   16.25           5.49            10.76          
9780140086836   10.75           0.01            10.74          
9780520280526   16.75           6.01            10.74          
9780385473767   10.75           0.01            10.74          
9780887308376   10.75           0.01            10.74          
9780679729532   10.75           0.01            10.74          
9780140042597   10.75           0.01            10.74          
9780805090895   10.75           0.01            10.74          
9780805205725   10.75           0.01            10.74          
9780805086584   10.75           0.01            10.74          
9780140449136   10.75           0.01            10.74          
9780618485222   10.75           0.01            10.74          
9781566892964   10.75           0.01            10.74          
9780140131550   10.75           0.01            10.74          
9780918273833   10.75           0.01            10.74          
9780679723288   10.75           0.01            10.74          
9780679722427   10.75           0.01            10.74          
9781400033416   10.75           0.01            10.74          
9780143036371   10.75           0.01            10.74          
9780312280192   10.75           0.01            10.74          
9781405100151   31.00           20.27           10.73          
9781592289448   11.50           0.89            10.61          
9780140277722   10.75           0.23            10.52          
9780143126522   13.50           2.99            10.51          
9780195333008   23.50           13.00           10.50          
9780140442953   13.50           3.01            10.49          
9781596913424   11.50           1.16            10.34          
9781571103840   15.25           4.92            10.33          
9780312428235   12.25           1.93            10.32          
9780143121947   13.50           3.18            10.32          
9780826323576   20.25           9.95            10.30          
9781571104229   15.25           4.96            10.29          
9780325004778   42.25           31.97           10.28          
9780736066792   75.25           64.99           10.26          
9780897333658   10.25           0.01            10.24          
9780394172446   10.25           0.01            10.24          
9780812980554   12.25           2.01            10.24          
9780143034360   10.25           0.01            10.24          
9780132679381   34.50           24.29           10.21          
9780300095241   11.50           1.33            10.17          
9780452273870   10.25           0.17            10.08          
9780132853354   57.25           47.18           10.07          
9780195113921   16.75           6.72            10.03          
9781618570765   80.00           69.99           10.01          
9780393912807   39.00           29.00           10.00          
9780395927205   10.00           0.01            9.99           
9780060569662   10.00           0.01            9.99           
9780609807378   10.00           0.01            9.99           
9781400079377   10.00           0.01            9.99           
9780486210803   10.00           0.01            9.99           
9780143106708   10.75           0.76            9.99           
9780393320978   10.00           0.01            9.99           
9780060512637   10.00           0.01            9.99           
9780393978513   12.25           2.27            9.98           
9780312676025   47.75           37.80           9.95           
9780742570504   18.75           8.80            9.95           
9780812977868   10.25           0.32            9.93           
9780230006737   24.25           14.33           9.92           
9780807747025   17.50           7.62            9.88           
9780205521067   36.25           26.38           9.87           
9780811202251   10.75           0.88            9.87           
9780140447590   10.25           0.41            9.84           
9780195289602   23.75           13.91           9.84           
9780393979176   13.75           3.93            9.82           
9780140445657   10.25           0.43            9.82           
9780415890229   36.50           26.70           9.80           
9780826317971   10.00           0.21            9.79           
9781451697384   20.25           10.49           9.76           
9781577664352   13.50           3.78            9.72           
9781568983295   16.75           7.03            9.72           
9780801499616   13.50           3.82            9.68           
9780393314922   11.50           1.83            9.67           
9780143035466   10.75           1.10            9.65           
9780816675487   15.25           5.60            9.65           
9780521732321   29.25           19.65           9.60           
9780451232175   10.25           0.66            9.59           
9780691127590   16.75           7.17            9.58           
9780140077032   10.75           1.18            9.57           
9781405194976   27.00           17.49           9.51           
9780375706707   10.25           0.74            9.51           
9780415551397   34.50           25.00           9.50           
9780295956886   12.00           2.50            9.50           
9780679725169   9.50            0.01            9.49           
9780385337441   9.50            0.01            9.49           
9781890447496   9.50            0.01            9.49           
9780140444254   9.50            0.01            9.49           
9780375758409   9.50            0.01            9.49           
9780156907392   9.50            0.01            9.49           
9780060973896   9.50            0.01            9.49           
9780312427252   10.25           0.77            9.48           
9780679406419   23.50           14.03           9.47           
9780743251167   10.75           1.36            9.39           
9780195380538   32.25           22.94           9.31           
9780470485910   13.50           4.20            9.30           
9780205253234   79.25           69.98           9.27           
9780807054055   13.50           4.24            9.26           
9780743467698   10.75           1.49            9.26           
9781422190555   20.25           10.99           9.26           
9781444330625   49.25           39.99           9.26           
9780231134996   18.25           9.00            9.25           
9780500289990   18.25           9.00            9.25           
9780137027415   81.00           71.75           9.25           
9780803282070   12.00           2.83            9.17           
9780801482854   18.75           9.60            9.15           
9780393327724   12.00           2.86            9.14           
9781452243092   68.75           59.62           9.13           
9780807843413   29.75           20.63           9.12           
9780226320557   11.50           2.45            9.05           
9780393343403   11.50           2.48            9.02           
9780393311068   10.00           0.98            9.02           
9780674034907   15.50           6.50            9.00           
9780300151176   17.50           8.50            9.00           
9780226109428   19.50           10.52           8.98           
9781452226743   75.50           66.55           8.95           
9780060838652   13.50           4.56            8.94           
9780738211664   11.50           2.57            8.93           
9780131192447   120.75          111.83          8.92           
9781405849425   14.25           5.33            8.92           
9780374526788   12.75           3.85            8.90           
9780415779203   44.50           35.61           8.89           
9780679724698   10.25           1.40            8.85           
9780809015832   10.00           1.17            8.83           
9780385490818   10.25           1.44            8.81           
9780807737002   16.75           7.94            8.81           
9780520272897   16.75           7.96            8.79           
9780544300460   10.75           1.97            8.78           
9780062333100   17.50           8.73            8.77           
9780521669726   23.50           14.74           8.76           
9780201632217   12.75           3.99            8.76           
9781452217819   54.00           45.24           8.76           
9780132658591   108.75          100.00          8.75           
9780393911541   43.75           35.00           8.75           
9780316881791   8.75            0.01            8.74           
9780452273405   8.75            0.01            8.74           
9780192839497   8.75            0.01            8.74           
9780679729525   8.75            0.01            8.74           
9780060850524   10.00           1.26            8.74           
9780156032278   8.75            0.01            8.74           
9780195061659   8.75            0.04            8.71           
9781405115698   33.00           24.29           8.71           
9780982541630   10.25           1.68            8.57           
9780691146232   15.50           6.98            8.52           
9781416531746   14.25           5.73            8.52           
9780807750636   17.50           8.99            8.51           
9780143123484   11.50           2.99            8.51           
9781616203160   10.00           1.49            8.51           
9780805082401   12.75           4.24            8.51           
9780374532505   10.25           1.75            8.50           
9780811218702   27.00           18.50           8.50           
9780375842207   8.75            0.30            8.45           
9781451682465   21.50           13.08           8.42           
9781608196357   10.75           2.34            8.41           
9780691020280   14.75           6.35            8.40           
9780791424001   21.50           13.10           8.40           
9781457604935   43.25           34.88           8.37           
9780500203644   14.75           6.39            8.36           
9780071781770   12.25           3.90            8.35           
9780452281240   10.80           2.46            8.34           
9780374527075   8.75            0.42            8.33           
9780143035831   10.25           1.94            8.31           
9780156439619   9.50            1.19            8.31           
9780252072789   20.25           11.95           8.30           
9780810119802   10.25           1.96            8.29           
9780976082200   11.50           3.22            8.28           
9780393972771   16.25           7.98            8.27           
9780199736324   16.75           8.50            8.25           
9780807063156   10.50           2.28            8.22           
9780199350841   60.75           52.54           8.21           
9780226065663   11.50           3.30            8.20           
9780061886577   11.50           3.37            8.13           
9780195059281   10.75           2.62            8.13           
9780143105091   9.50            1.38            8.12           
9780132915694   34.50           26.42           8.08           
9781594631450   10.75           2.69            8.06           
9780226493152   17.00           8.95            8.05           
9780393975598   15.50           7.45            8.05           
9780809016518   12.00           3.99            8.01           
9781596439245   23.50           15.50           8.00           
9780452297753   10.75           2.78            7.97           
9780374506483   10.25           2.35            7.90           
9780300189773   20.25           12.35           7.90           
9780262582155   16.75           8.88            7.87           
9780807009499   10.75           2.90            7.85           
9780415602778   29.75           21.95           7.80           
9780679752707   10.75           2.97            7.78           
9780374533403   10.25           2.48            7.77           
9781405184113   34.50           26.74           7.76           
9781568812793   37.75           29.99           7.76           
9780143039679   10.75           2.99            7.76           
9780072855135   23.75           15.99           7.76           
9780061743993   10.75           3.00            7.75           
9780736093408   60.00           52.28           7.72           
9781603090742   13.50           5.79            7.71           
9780393314328   8.75            1.08            7.67           
9782842612894   12.00           4.34            7.66           
9780802130310   10.00           2.36            7.64           
9780240817361   36.50           28.91           7.59           
9780060934347   11.50           3.92            7.58           
9780691144627   16.75           9.17            7.58           
9780816643127   13.50           5.93            7.57           
9780439895293   13.50           5.94            7.56           
9780446178433   9.50            1.95            7.55           
9780307277329   11.50           3.96            7.54           
9780312424091   10.25           2.72            7.53           
9780465026210   16.25           8.74            7.51           
9781844670864   15.50           7.99            7.51           
9780486437507   11.50           3.99            7.51           
9780763766177   51.50           44.00           7.50           
9780393921953   57.25           49.76           7.49           
9780679734772   7.50            0.01            7.49           
9780888991652   7.50            0.01            7.49           
9780439023528   7.50            0.01            7.49           
9780415950572   35.00           27.54           7.46           
9780312257378   10.50           3.05            7.45           
9781610393591   10.75           3.35            7.40           
9780895941220   11.50           4.10            7.40           
9780805055122   10.25           2.88            7.37           
9780674018242   16.50           9.16            7.34           
9780316013697   10.25           2.94            7.31           
9780393329339   10.75           3.44            7.31           
9780205779888   20.75           13.45           7.30           
9780385350846   16.75           9.45            7.30           
9781582407661   11.50           4.23            7.27           
9780375703768   14.25           6.98            7.27           
9780809016341   10.25           2.98            7.27           
9780323072007   65.50           58.25           7.25           
9781591846284   10.75           3.56            7.19           
9780465041268   11.50           4.38            7.12           
9780060891541   10.75           3.64            7.11           
9780205442065   65.25           58.16           7.09           
9780132192910   35.50           28.41           7.09           
9780618249060   10.00           2.96            7.04           
9780123870025   47.25           40.21           7.04           
9781441995025   47.25           40.21           7.04           
9780132689724   44.00           36.99           7.01           
9780399158445   19.50           12.50           7.00           
9780060976255   15.50           8.50            7.00           
9781582973517   11.50           4.58            6.92           
9781451696196   9.50            2.59            6.91           
9781259288937   115.25          108.34          6.91           
9780205962549   64.50           57.60           6.90           
9780253212344   12.25           5.37            6.88           
9780393926378   69.00           62.14           6.86           
9780763658076   10.75           3.91            6.84           
9781585429356   18.75           11.98           6.77           
9780140447033   10.75           3.99            6.76           
9780761160854   10.75           3.99            6.76           
9780415568685   56.75           50.00           6.75           
9780486427034   6.75            0.01            6.74           
9780064472883   6.75            0.01            6.74           
9780374500016   6.75            0.01            6.74           
9780140442014   6.75            0.01            6.74           
9780195392531   23.50           16.78           6.72           
9781557669674   31.25           24.64           6.61           
9781580054829   10.75           4.15            6.60           
9780393924763   11.75           5.21            6.54           
9780826106025   66.75           60.22           6.53           
9781844573417   27.00           20.49           6.51           
9780312384487   6.75            0.25            6.50           
9780811221757   27.00           20.53           6.47           
9780323188197   74.25           67.83           6.42           
9780140449198   9.50            3.09            6.41           
9780872207318   9.50            3.09            6.41           
9780812971781   10.75           4.36            6.39           
9780807748343   18.25           11.87           6.38           
9781400030507   10.75           4.39            6.36           
9780205327447   70.25           63.89           6.36           
9781570614590   12.00           5.66            6.34           
9780812210354   16.75           10.43           6.32           
9780618082346   9.50            3.23            6.27           
9781571104120   16.25           9.99            6.26           
9781412998666   40.50           34.25           6.25           
9781464150760   18.50           12.29           6.21           
9780803281516   11.50           5.29            6.21           
9780916390532   7.50            1.30            6.20           
9780143122012   13.50           7.33            6.17           
9780393304510   10.00           3.84            6.16           
9780140424300   10.25           4.09            6.16           
9780812981926   10.75           4.60            6.15           
9780199536320   9.50            3.35            6.15           
9780195388909   27.00           20.87           6.13           
9780679762645   10.75           4.66            6.09           
9780062255662   10.00           3.93            6.07           
9780441007318   10.75           4.70            6.05           
9780822335139   16.25           10.25           6.00           
9781605098661   14.75           8.75            6.00           
9780759119581   15.50           9.51            5.99           
9780141439587   6.00            0.01            5.99           
9780140259490   11.50           5.51            5.99           
9780199219766   6.75            0.78            5.97           
9780312674397   6.75            0.80            5.95           
9781442225541   40.50           34.56           5.94           
9780140449440   8.75            2.84            5.91           
9780393975161   11.75           5.86            5.89           
9780300143195   17.50           11.65           5.85           
9781455509720   6.75            0.90            5.85           
9780316246620   10.75           4.91            5.84           
9781620402856   10.75           4.95            5.80           
9780140455052   10.25           4.47            5.78           
9781573223317   10.75           4.97            5.78           
9781571103895   8.50            2.73            5.77           
9780199730599   33.75           27.99           5.76           
9781442605008   18.75           12.99           5.76           
9781422118856   6.75            0.99            5.76           
9780307453433   10.75           4.99            5.76           
9780132415439   20.75           15.00           5.75           
9780192823458   10.75           5.00            5.75           
9780312428747   9.50            3.76            5.74           
9780393928617   13.25           7.51            5.74           
9780140178210   9.50            3.78            5.72           
9780915144860   5.75            0.03            5.72           
9780865477506   13.50           7.79            5.71           
9781887128599   9.50            3.81            5.69           
9780813346687   39.75           34.12           5.63           
9781476733128   11.50           5.87            5.63           
9780393335347   10.75           5.13            5.62           
9780932102164   27.00           21.46           5.54           
9780887274565   36.50           30.96           5.54           
9780195396003   39.00           33.48           5.52           
9780307476074   10.75           5.23            5.52           
9780140449150   5.50            0.01            5.49           
9780345345059   5.50            0.01            5.49           
9780064400558   5.50            0.01            5.49           
9781416936473   5.50            0.01            5.49           
9780440314882   5.50            0.01            5.49           
9780553293357   5.50            0.01            5.49           
9780141439518   5.50            0.01            5.49           
9780152052607   5.50            0.01            5.49           
9780770437794   17.50           12.04           5.46           
9780470121719   13.50           8.05            5.45           
9781582343303   10.75           5.31            5.44           
9780521612692   14.75           9.43            5.32           
9780195694208   20.25           14.95           5.30           
9780634047381   12.75           7.45            5.30           
9780857028884   40.50           35.21           5.29           
9781446258156   45.25           40.00           5.25           
9780446603775   12.25           7.00            5.25           
9780192833723   5.25            0.01            5.24           
9780872207233   10.75           5.54            5.21           
9780764143571   10.00           4.79            5.21           
9780321861276   30.25           25.06           5.19           
9780374529628   7.50            2.34            5.16           
9780932440389   10.75           5.66            5.09           
9780553328257   9.50            4.42            5.08           
9780316230841   10.25           5.21            5.04           
9781476735115   17.50           12.46           5.04           
9781405112291   33.00           27.99           5.01           
9780199538621   8.00            2.99            5.01           
9780872638549   100.00          95.00           5.00           
9780872203921   5.00            0.01            4.99           
9780316036139   10.75           5.79            4.96           
9782070387045   9.50            4.56            4.94           
9780192803542   8.00            3.07            4.93           
9781583335239   10.75           5.85            4.90           
9781554811069   24.25           19.36           4.89           
9780918273826   10.75           5.89            4.86           
9781452235288   47.25           42.41           4.84           
9780394719856   8.75            3.94            4.81           
9780199556052   10.75           5.94            4.81           
9780226264219   11.75           6.96            4.79           
9780415619349   35.00           30.21           4.79           
9781593853990   27.75           22.97           4.78           
9780679424529   14.75           9.97            4.78           
9780470381229   20.25           15.47           4.78           
9780812218459   16.75           11.99           4.76           
9780062225153   14.75           10.00           4.75           
9781609949235   12.75           8.00            4.75           
9780271026763   14.75           10.00           4.75           
9780312089450   12.25           7.50            4.75           
9781608193417   12.25           7.50            4.75           
9780140361223   4.75            0.01            4.74           
9780140361216   4.75            0.01            4.74           
9780553213652   4.75            0.01            4.74           
9780451529596   4.75            0.01            4.74           
9780449213940   4.75            0.01            4.74           
9780064404891   4.75            0.01            4.74           
9780152017170   4.75            0.01            4.74           
9780440237686   4.75            0.01            4.74           
9781284074611   58.75           54.06           4.69           
9780139060410   25.50           20.83           4.67           
9780932440693   17.00           12.34           4.66           
9780415336116   33.75           29.10           4.65           
9780674004412   18.25           13.65           4.60           
9780140367621   4.75            0.15            4.60           
9781577319443   13.50           8.92            4.58           
9780895828729   31.00           26.42           4.58           
9780140447323   10.25           5.70            4.55           
9780470596227   84.50           79.99           4.51           
9780226417066   19.50           14.99           4.51           
9781606238769   38.50           34.00           4.50           
9780375412875   17.50           13.00           4.50           
9780143125471   11.50           7.01            4.49           
9780199559466   33.00           28.53           4.47           
9780618871711   10.00           5.54            4.46           
9780802121998   10.75           6.30            4.45           
9781608194544   11.50           7.05            4.45           
9781439193587   12.75           8.32            4.43           
9780226468679   12.25           7.87            4.38           
9780316056229   7.50            3.12            4.38           
9780199555918   9.50            5.13            4.37           
9780142407332   6.75            2.40            4.35           
9780300055832   16.25           11.95           4.30           
9780195387858   8.75            4.45            4.30           
9781551055305   16.75           12.46           4.29           
9780521607216   20.25           15.98           4.27           
9780143039945   14.75           10.48           4.27           
9780345514400   4.75            0.49            4.26           
9780813348711   26.25           22.00           4.25           
9780892814558   11.50           7.27            4.23           
9780140455304   11.50           7.33            4.17           
9781557667045   21.75           17.62           4.13           
9780325004112   25.25           21.15           4.10           
9781590174869   10.00           5.92            4.08           
9780325030883   24.00           19.95           4.05           
9781416948827   5.50            1.49            4.01           
9780380807345   4.00            0.01            3.99           
9780872205543   4.00            0.01            3.99           
9780451418500   4.00            0.01            3.99           
9780553213485   4.00            0.01            3.99           
9781853261893   4.00            0.01            3.99           
9780226035932   8.00            4.10            3.90           
9780672336072   20.25           16.41           3.84           
9780312452421   7.25            3.43            3.82           
9780199832699   16.75           12.95           3.80           
9780199554072   6.75            2.95            3.80           
9780521298759   57.25           53.47           3.78           
9780199231959   10.75           6.98            3.77           
9781118378342   23.75           19.99           3.76           
9780872206557   6.75            2.99            3.76           
9781462513543   27.00           23.25           3.75           
9780415964722   23.75           20.00           3.75           
9780520271999   27.00           23.29           3.71           
9781604069228   52.75           49.16           3.59           
9781552451199   10.00           6.43            3.57           
9780521663878   23.50           19.95           3.55           
9780138022129   20.75           17.20           3.55           
9780061561610   10.75           7.20            3.55           
9780470932315   14.75           11.22           3.53           
9781614272779   4.50            0.99            3.51           
9781442408937   7.50            3.99            3.51           
9780199536986   6.75            3.24            3.51           
9780521700412   23.50           20.00           3.50           
9780763662622   6.00            2.50            3.50           
9780385531108   10.25           6.76            3.49           
9781849351348   10.75           7.27            3.48           
9780674050273   12.50           9.04            3.46           
9780199691340   8.00            4.59            3.41           
9781935982159   17.25           13.88           3.37           
9781595589477   18.25           14.89           3.36           
9781118744857   18.25           14.92           3.33           
9781464139826   93.25           89.94           3.31           
9780199844869   25.50           22.22           3.28           
9781551117065   18.25           14.97           3.28           
9780415521086   28.25           25.00           3.25           
9780520268104   20.25           17.00           3.25           
9780691149936   14.25           11.00           3.25           
9780140367430   3.25            0.01            3.24           
9783150000335   3.25            0.01            3.24           
9781416500308   3.25            0.01            3.24           
9780132991285   29.75           26.55           3.20           
9780199536498   6.75            3.60            3.15           
9781571314697   10.75           7.67            3.08           
9780393977615   13.75           10.68           3.07           
9780961392185   10.75           7.68            3.07           
9780199539963   8.75            5.69            3.06           
9781604732597   22.75           19.74           3.01           
9780521007559   33.00           29.99           3.01           
9780889740440   13.50           10.49           3.01           
9780226768687   5.50            2.50            3.00           
9781559362856   12.75           9.75            3.00           
9780226138619   16.25           13.35           2.90           
9780983368663   10.25           7.39            2.86           
9780415389556   19.50           16.64           2.86           
9780544336261   6.00            3.17            2.83           
9780804812559   6.75            3.94            2.81           
9780312452254   14.75           11.95           2.80           
9780199549825   12.75           9.96            2.79           
9781559638326   27.00           24.22           2.78           
9781551114927   30.25           27.47           2.78           
9781107648234   33.75           30.97           2.78           
9781888553536   10.75           7.98            2.77           
9780807079553   12.25           9.49            2.76           
9780824832704   18.25           15.49           2.76           
9781412999533   52.75           50.00           2.75           
9780822213918   6.00            3.26            2.74           
9780486419312   2.75            0.01            2.74           
9780486280417   2.75            0.01            2.74           
9781847692689   27.00           24.29           2.71           
9780822220824   6.00            3.30            2.70           
9781940430249   10.00           7.32            2.68           
9781568365206   23.75           21.07           2.68           
9780983368649   10.25           7.68            2.57           
9781118921289   18.25           15.68           2.57           
9781401243029   10.00           7.50            2.50           
9780812994520   19.00           16.50           2.50           
9780393912357   13.75           11.25           2.50           
9781285084169   127.25          124.86          2.39           
9780226816388   12.25           9.91            2.34           
9780199925728   60.75           58.43           2.32           
9780300199000   10.25           7.95            2.30           
9781107658172   22.25           19.96           2.29           
9781438428062   20.25           17.98           2.27           
9780736084154   64.75           62.51           2.24           
9780470657157   35.00           32.87           2.13           
9780465061518   13.50           11.40           2.10           
9780199555628   10.75           8.66            2.09           
9780226807409   17.00           14.97           2.03           
9780674064140   12.00           9.99            2.01           
9780801487088   27.00           25.00           2.00           
9780199372409   18.75           16.76           1.99           
9780870138485   11.50           9.53            1.97           
9780451531582   4.75            2.79            1.96           
9781416611493   18.25           16.31           1.94           
9781421405742   20.25           18.32           1.93           
9780133382136   45.50           43.63           1.87           
9780300181432   14.75           12.90           1.85           
9780325009803   22.75           20.92           1.83           
9781250062185   10.75           8.95            1.80           
9780929701493   10.75           8.98            1.77           
9780199997275   33.75           31.99           1.76           
9780133760033   165.75          164.00          1.75           
9780717802418   1.75            0.01            1.74           
9780814612729   1.75            0.01            1.74           
9780486282084   1.75            0.01            1.74           
9781416524465   14.75           13.04           1.71           
9781118315071   23.50           21.83           1.67           
9780736058032   64.75           63.09           1.66           
9781452240886   21.50           19.88           1.62           
9781118950142   13.50           11.93           1.57           
9780486480404   5.25            3.68            1.57           
9780300209419   17.00           15.45           1.55           
9780123820303   67.50           65.96           1.54           
9781559364584   10.00           8.47            1.53           
9781457606496   12.25           10.73           1.52           
9780719066894   20.25           18.74           1.51           
9781598744460   25.50           23.99           1.51           
9780137035106   39.50           37.99           1.51           
9780816641291   13.50           12.00           1.50           
9780870710940   15.50           14.00           1.50           
9781405193184   26.25           24.76           1.49           
9780893285609   21.75           20.30           1.45           
9780345802576   10.75           9.32            1.43           
9781597142014   12.75           11.40           1.35           
9780325002996   13.50           12.17           1.33           
9781584351597   9.50            8.18            1.32           
9781892784353   20.25           18.95           1.30           
9780674058255   20.25           18.97           1.28           
9780300198973   12.25           11.08           1.17           
9781583225813   6.00            4.90            1.10           
9780078027000   98.00           96.94           1.06           
9781603849005   8.75            7.72            1.03           
9781450776714   6.00            4.98            1.02           
9781577668060   8.50            7.48            1.02           
9781575242545   31.00           29.99           1.01           
9781558618374   15.50           14.55           0.95           
9781551111476   16.75           15.83           0.92           
9781584351344   10.00           9.16            0.84           
9780812220643   16.75           15.96           0.79           
9780984616664   10.75           9.99            0.76           
9780615281230   31.75           31.10           0.65           
9780521155724   20.25           19.65           0.60           
9780745643267   13.50           12.94           0.56           
9780824817176   21.00           20.45           0.55           
9780988394810   5.50            5.12            0.38           
9780321637734   47.25           46.97           0.28           
9780521536028   23.50           23.24           0.26           
9780199797073   29.00           28.80           0.20           
9780822220244   6.00            5.83            0.17           
9782707146519   17.50           17.39           0.11           
9780898716290   56.75           56.64           0.11           
9780889712263   12.00           11.96           0.04           
9781107612549   19.00           19.00           0.00           
9781879960855   12.75           12.77           -0.02          
9780520254060   21.50           21.61           -0.11          
9780691159638   15.50           15.67           -0.17          
9781405159944   23.50           23.99           -0.49          
9781118717080   21.50           22.02           -0.52          
9780073380704   142.25          142.93          -0.68          
9780073523538   136.25          136.94          -0.69          
9780820328072   17.50           18.38           -0.88          
9781936523030   43.75           44.63           -0.88          
9781412999304   31.00           31.97           -0.97          
9780226462271   17.50           18.50           -1.00          
9780870239656   18.75           19.88           -1.13          
9780816529452   23.75           24.95           -1.20          
9780520280069   14.75           15.97           -1.22          
9780387886978   40.50           41.95           -1.45          
9780807752692   21.00           22.49           -1.49          
9780774821148   24.25           25.79           -1.54          
9780240811840   31.75           33.30           -1.55          
9780199929382   20.25           21.90           -1.65          
9780759121751   30.50           32.27           -1.77          
9780292706804   17.00           18.78           -1.78          
9780889227880   16.75           18.72           -1.97          
9780415206464   29.75           31.80           -2.05          
9780813348490   21.50           23.55           -2.05          
9780226551203   17.00           19.14           -2.14          
9781611631357   19.00           21.15           -2.15          
9780521598613   19.00           21.27           -2.27          
9781412988995   31.75           34.02           -2.27          
9781500811822   6.75            9.09            -2.34          
9780132907088   30.25           32.61           -2.36          
9781461476177   43.75           46.18           -2.43          
9780325050843   16.00           18.45           -2.45          
9780199325351   27.00           29.80           -2.80          
9780199336777   18.75           21.56           -2.81          
9781285858227   106.25          109.13          -2.88          
9780615599793   6.75            9.66            -2.91          
9780765623829   30.25           33.17           -2.92          
9780521103671   30.25           33.38           -3.13          
9780700616763   16.75           19.95           -3.20          
9781444331158   25.00           28.41           -3.41          
9780393938777   41.00           44.49           -3.49          
9780813215068   20.25           23.81           -3.56          
9780415491891   31.00           34.64           -3.64          
9780521139687   23.50           27.23           -3.73          
9780292743922   17.00           20.74           -3.74          
9780199261086   48.00           51.81           -3.81          
9780573662447   6.75            10.91           -4.16          
9781604266122   40.50           45.00           -4.50          
9780759110953   22.25           26.86           -4.61          
9781433104916   26.25           31.00           -4.75          
9780134053240   40.75           45.70           -4.95          
9781285173221   114.50          119.50          -5.00          
9781118170519   154.50          159.89          -5.39          
9780963872821   16.75           22.48           -5.73          
9781462508167   19.00           24.93           -5.93          
9780199859085   42.50           48.46           -5.96          
9780205484850   55.00           61.84           -6.84          
9781107602526   23.50           30.37           -6.87          
9781285077192   77.50           84.42           -6.92          
9781483359496   64.25           71.23           -6.98          
9781937561246   15.50           22.56           -7.06          
9781575242965   27.25           34.50           -7.25          
9780820317809   16.75           24.11           -7.36          
9780820474151   22.25           29.73           -7.48          
9781416404347   75.50           83.00           -7.50          
9781419709821   37.25           44.93           -7.68          
9780988561304   26.75           34.86           -8.11          
9780325028392   25.00           33.33           -8.33          
9780975272480   13.50           22.02           -8.52          
9780970804211   16.25           24.97           -8.72          
9781577667827   24.25           33.35           -9.10          
9780821421208   22.25           31.36           -9.11          
9780199685523   30.50           39.93           -9.43          
9780520276536   23.50           32.97           -9.47          
9780325057309   39.75           49.36           -9.61          
9780415495974   35.00           44.62           -9.62          
9781405170505   68.75           78.40           -9.65          
9781305105423   191.00          200.69          -9.69          
9780963872814   22.25           32.16           -9.91          
9780713689310   20.25           30.41           -10.16         
9780137071418   32.25           42.78           -10.53         
9780199390489   62.75           73.43           -10.68         
9780078025181   84.00           94.74           -10.74         
9780190235239   16.75           27.56           -10.81         
9780393123593   47.00           58.07           -11.07         
9781420089042   78.25           89.85           -11.60         
9781575241982   57.00           68.87           -11.87         
9781558763371   16.75           28.90           -12.15         
9781444122435   30.25           43.93           -13.68         
9780970804228   16.25           29.95           -13.70         
9781934000137   25.75           41.66           -15.91         
9780815344322   114.00          130.00          -16.00         
9781621590064   39.50           57.89           -18.39         
9780133356816   134.25          152.69          -18.44         
9781439895610   54.00           73.94           -19.94         
9781618530745   59.00           80.00           -21.00         
9780077676407   77.25           98.29           -21.04         
9780415545396   37.00           58.50           -21.50         
9781441928399   47.25           69.37           -22.12         
9781285088112   83.00           105.15          -22.15         
9781606352113   10.25           32.52           -22.27         
9781285118758   101.50          125.00          -23.50         
9780321839763   136.25          160.00          -23.75         
9781464113086   71.75           95.96           -24.21         
9781285114750   101.50          126.58          -25.08         
9781464185168   71.75           101.43          -29.68         
9780823228683   17.00           47.84           -30.84         
9780205794553   99.50           133.07          -33.57         
9780896087965   12.75           49.82           -37.07         
9780199846276   103.25          144.03          -40.78         
9789027212085   100.50          146.03          -45.53         
9781259224195   175.00          235.02          -60.02         
9781452270401   75.50           141.40          -65.90         
9781433111150   28.25           100.00          -71.75         
9781259278600   209.00          281.22          -72.22         
9781465223487   47.25           135.26          -88.01         
9781599090429   32.00           124.00          -92.00         
9781940235776   79.25           180.06          -100.81        
9781897071335   18.25           163.90          -145.65        

Times WWU is Cheaper      Times AZ is Cheaper                 

119                       959                                
Percent WWU is Cheaper    Percent AZ is Cheaper              

11.04                     88.96                              

Amazon No Offer           WWU No Offer                       

22.00                     94.00                              

Percent AZ No Offer       Percent WWU No Offer               

2.04                      8.72                               

